#Epoch		   Time		            Data		   Loss				   Prec@1	   Prec@5 
1	           0.853	           0.298	          5.4345	           1.538	           5.823
2	           0.857	           0.300	          5.1167	           1.771	           6.662
3	           0.859	           0.300	          5.0506	           1.979	           6.831
4	           0.861	           0.301	          4.8096	           2.301	           9.683
5	           0.862	           0.303	          4.2455	           5.577	          20.777
6	           0.861	           0.302	          3.9604	           8.009	          26.977
7	           0.862	           0.302	          3.9363	           8.242	          27.312
8	           0.862	           0.302	          3.9164	           8.221	          27.790
9	           0.862	           0.302	          3.9033	           8.467	          28.422
10	           0.863	           0.302	          3.8916	           8.420	          28.596
11	           0.863	           0.302	          3.8777	           8.713	          29.108
12	           0.862	           0.302	          3.8700	           9.090	          29.151
13	           0.863	           0.302	          3.8662	           9.043	          29.490
14	           0.862	           0.302	          3.8622	           9.225	          29.558
15	           0.862	           0.302	          3.8552	           9.378	          29.579
16	           0.862	           0.301	          3.8493	           9.255	          29.672
17	           0.862	           0.302	          3.8435	           9.433	          29.808
18	           0.862	           0.302	          3.8407	           9.615	          30.121
19	           0.862	           0.302	          3.8330	           9.603	          30.384
20	           0.862	           0.302	          3.8326	           9.730	          30.189
21	           0.862	           0.302	          3.8247	           9.827	          30.566
22	           0.862	           0.302	          3.8264	           9.603	          30.545
23	           0.862	           0.302	          3.8171	           9.950	          30.617
24	           0.862	           0.302	          3.8170	           9.937	          30.655
25	           0.862	           0.302	          3.8139	           9.895	          30.795
26	           0.862	           0.302	          3.8113	           9.632	          30.668
27	           0.862	           0.302	          3.8060	          10.014	          30.981
28	           0.861	           0.301	          3.8047	           9.933	          31.189
29	           0.862	           0.302	          3.8050	           9.925	          31.020
30	           0.862	           0.302	          3.8015	          10.217	          31.337
31	           0.862	           0.302	          3.7975	          10.069	          31.320
32	           0.862	           0.302	          3.7986	          10.077	          31.062
33	           0.862	           0.302	          3.7944	          10.234	          31.579
34	           0.862	           0.302	          3.7920	          10.086	          31.469
35	           0.862	           0.302	          3.7888	          10.306	          31.558
36	           0.862	           0.302	          3.7841	          10.145	          31.799
37	           0.862	           0.302	          3.7817	          10.391	          31.935
38	           0.862	           0.302	          3.7792	          10.259	          31.867
39	           0.862	           0.302	          3.7806	          10.187	          31.825
40	           0.862	           0.302	          3.7778	          10.336	          32.011
41	           0.862	           0.302	          3.7805	          10.196	          31.893
42	           0.862	           0.302	          3.7721	          10.403	          32.164
43	           0.862	           0.301	          3.7698	          10.454	          32.151
44	           0.862	           0.302	          3.7698	          10.488	          32.346
45	           0.862	           0.302	          3.7708	          10.492	          32.049
46	           0.862	           0.302	          3.7687	          10.662	          32.248
47	           0.863	           0.302	          3.7692	          10.399	          32.295
48	           0.862	           0.302	          3.7649	          10.518	          32.333
49	           0.862	           0.302	          3.7646	          10.403	          32.596
50	           0.862	           0.302	          3.7572	          10.420	          32.685
51	           0.862	           0.302	          3.7574	          10.459	          32.613
52	           0.863	           0.302	          3.7573	          10.560	          32.630
53	           0.862	           0.302	          3.7581	          10.543	          32.787
54	           0.862	           0.302	          3.7541	          10.624	          32.914
55	           0.862	           0.302	          3.7543	          10.700	          32.744
56	           0.863	           0.302	          3.7482	          10.645	          33.117
57	           0.862	           0.302	          3.7508	          10.586	          32.884
58	           0.862	           0.302	          3.7529	          10.492	          32.736
59	           0.862	           0.302	          3.7498	          10.692	          33.032
60	           0.862	           0.301	          3.7415	          10.810	          33.350
61	           0.863	           0.302	          3.7444	          10.814	          33.210
62	           0.863	           0.302	          3.7436	          10.853	          33.181
63	           0.862	           0.302	          3.7400	          10.721	          33.533
64	           0.863	           0.302	          3.7428	          10.980	          33.528
65	           0.862	           0.302	          3.7357	          10.814	          33.766
66	           0.862	           0.302	          3.7373	          10.776	          33.571
67	           0.862	           0.302	          3.7368	          10.658	          33.643
68	           0.862	           0.302	          3.7325	          10.793	          33.672
69	           0.862	           0.302	          3.7352	          10.874	          33.732
70	           0.862	           0.302	          3.7346	          10.920	          33.846
71	           0.863	           0.302	          3.7310	          11.081	          33.880
72	           0.863	           0.302	          3.7302	          10.988	          34.041
73	           0.863	           0.302	          3.7255	          10.933	          33.994
74	           0.863	           0.302	          3.7255	          11.187	          34.105
75	           0.862	           0.302	          3.7264	          10.997	          33.939
76	           0.863	           0.302	          3.7234	          11.048	          33.956
77	           0.862	           0.302	          3.7214	          10.971	          34.194
78	           0.863	           0.302	          3.7218	          10.920	          34.189
79	           0.862	           0.302	          3.7239	          10.819	          34.117
80	           0.862	           0.302	          3.7191	          11.187	          34.304
81	           0.862	           0.302	          3.7169	          11.175	          34.316
82	           0.863	           0.302	          3.7157	          10.908	          34.405
83	           0.862	           0.302	          3.7188	          11.162	          34.672
84	           0.864	           0.303	          3.7134	          11.370	          34.401
85	           0.862	           0.302	          3.7115	          11.264	          34.389
86	           0.863	           0.302	          3.7165	          11.035	          34.316
87	           0.862	           0.302	          3.7091	          11.357	          34.325
88	           0.863	           0.302	          3.7066	          11.412	          34.757
89	           0.862	           0.302	          3.7114	          11.204	          34.376
90	           0.862	           0.302	          3.7112	          11.166	          34.630
91	           0.863	           0.301	          3.7069	          11.226	          34.689
92	           0.863	           0.302	          3.7061	          11.192	          34.728
93	           0.863	           0.303	          3.7059	          11.175	          34.545
94	           0.863	           0.303	          3.7048	          11.259	          34.660
95	           0.863	           0.302	          3.7018	          11.353	          34.978
96	           0.863	           0.302	          3.7002	          11.412	          34.846
97	           0.863	           0.302	          3.7001	          11.425	          34.757
98	           0.862	           0.302	          3.7003	          11.331	          34.876
99	           0.862	           0.302	          3.6973	          11.187	          35.020
100	           0.862	           0.302	          3.6953	          11.344	          35.130
101	           0.862	           0.302	          3.6980	          11.365	          35.016
102	           0.862	           0.302	          3.6966	          11.649	          34.961
103	           0.862	           0.302	          3.6959	          11.361	          35.401
104	           0.862	           0.302	          3.6965	          11.378	          35.223
105	           0.862	           0.302	          3.6958	          11.632	          35.219
106	           0.862	           0.302	          3.6923	          11.590	          34.961
107	           0.862	           0.302	          3.6876	          11.505	          35.287
108	           0.861	           0.302	          3.6927	          11.539	          35.228
109	           0.862	           0.302	          3.6906	          11.391	          35.414
110	           0.861	           0.302	          3.6900	          11.518	          35.321
111	           0.862	           0.302	          3.6900	          11.370	          35.270
112	           0.862	           0.302	          3.6872	          11.751	          35.490
113	           0.862	           0.301	          3.6863	          11.442	          35.414
114	           0.862	           0.302	          3.6858	          11.348	          35.516
115	           0.862	           0.302	          3.6854	          11.637	          35.312
116	           0.862	           0.301	          3.6837	          11.611	          35.245
117	           0.861	           0.301	          3.6823	          11.471	          35.401
118	           0.862	           0.302	          3.6857	          11.539	          35.431
119	           0.862	           0.302	          3.6784	          11.471	          35.634
120	           0.862	           0.302	          3.6828	          11.645	          35.528
121	           0.861	           0.301	          3.6784	          11.738	          35.639
122	           0.862	           0.301	          3.6790	          11.692	          35.558
123	           0.862	           0.302	          3.6778	          11.810	          35.507
124	           0.862	           0.302	          3.6735	          11.637	          35.965
125	           0.862	           0.302	          3.6754	          11.632	          35.668
126	           0.862	           0.302	          3.6745	          11.450	          35.787
127	           0.861	           0.301	          3.6745	          11.687	          35.893
128	           0.861	           0.301	          3.6748	          11.620	          35.651
129	           0.863	           0.302	          3.6738	          11.904	          36.164
130	           0.862	           0.302	          3.6733	          11.586	          35.685
131	           0.862	           0.301	          3.6721	          11.878	          35.995
132	           0.862	           0.302	          3.6689	          11.916	          35.749
133	           0.862	           0.302	          3.6699	          11.971	          36.194
134	           0.862	           0.302	          3.6684	          11.751	          35.990
135	           0.863	           0.302	          3.6678	          11.810	          36.075
136	           0.863	           0.303	          3.6670	          11.620	          36.478
137	           0.862	           0.302	          3.6669	          11.836	          35.944
138	           0.862	           0.302	          3.6633	          11.848	          36.160
139	           0.862	           0.302	          3.6633	          11.815	          36.058
140	           0.862	           0.302	          3.6613	          12.026	          36.211
141	           0.862	           0.302	          3.6646	          11.798	          36.164
142	           0.863	           0.302	          3.6663	          11.637	          36.117
143	           0.862	           0.302	          3.6615	          11.776	          36.105
144	           0.863	           0.302	          3.6641	          11.793	          36.236
145	           0.862	           0.302	          3.6599	          12.111	          36.096
146	           0.862	           0.302	          3.6620	          11.912	          36.041
147	           0.862	           0.302	          3.6584	          11.823	          36.283
148	           0.862	           0.302	          3.6591	          11.997	          36.198
149	           0.863	           0.303	          3.6622	          11.577	          36.215
150	           0.862	           0.302	          3.6612	          11.798	          36.122
151	           0.862	           0.302	          3.6560	          11.844	          36.520
152	           0.863	           0.302	          3.6566	          12.039	          36.389
153	           0.862	           0.301	          3.6546	          11.954	          36.554
154	           0.862	           0.302	          3.6546	          12.145	          36.630
155	           0.862	           0.302	          3.6522	          11.984	          36.533
156	           0.862	           0.302	          3.6512	          12.094	          36.584
157	           0.862	           0.301	          3.6515	          11.785	          37.037
158	           0.862	           0.302	          3.6552	          11.963	          36.423
159	           0.862	           0.301	          3.6503	          12.183	          36.465
160	           0.862	           0.302	          3.6510	          12.124	          36.685
161	           0.862	           0.302	          3.6538	          11.959	          36.647
162	           0.862	           0.302	          3.6510	          11.861	          36.452
163	           0.862	           0.302	          3.6482	          12.026	          36.588
164	           0.861	           0.302	          3.6506	          12.251	          36.512
165	           0.862	           0.302	          3.6477	          12.065	          36.673
166	           0.862	           0.302	          3.6490	          11.967	          36.664
167	           0.862	           0.302	          3.6443	          11.721	          36.838
168	           0.862	           0.302	          3.6483	          12.069	          36.639
169	           0.862	           0.302	          3.6453	          12.120	          36.808
170	           0.862	           0.302	          3.6473	          12.022	          36.846
171	           0.863	           0.302	          3.6441	          11.971	          36.834
172	           0.862	           0.302	          3.6489	          12.043	          36.584
173	           0.862	           0.302	          3.6428	          12.327	          36.736
174	           0.862	           0.302	          3.6434	          12.115	          37.029
175	           0.862	           0.302	          3.6420	          12.183	          36.791
176	           0.862	           0.301	          3.6432	          12.132	          36.838
177	           0.862	           0.302	          3.6402	          12.192	          36.745
178	           0.862	           0.302	          3.6394	          12.048	          37.007
179	           0.862	           0.302	          3.6430	          11.908	          36.961
180	           0.862	           0.302	          3.6386	          12.166	          36.876
181	           0.863	           0.302	          3.6362	          11.993	          37.084
182	           0.862	           0.302	          3.6393	          12.056	          37.088
183	           0.862	           0.302	          3.6434	          12.298	          36.957
184	           0.862	           0.302	          3.6372	          12.251	          37.003
185	           0.863	           0.302	          3.6377	          12.289	          36.745
186	           0.862	           0.302	          3.6357	          12.001	          37.321
187	           0.863	           0.302	          3.6336	          12.077	          37.270
188	           0.862	           0.302	          3.6331	          12.145	          36.859
189	           0.862	           0.302	          3.6297	          12.115	          37.151
190	           0.862	           0.301	          3.6344	          12.073	          36.927
191	           0.863	           0.302	          3.6337	          12.247	          37.173
192	           0.862	           0.302	          3.6309	          12.272	          37.088
193	           0.862	           0.302	          3.6284	          12.226	          37.223
194	           0.862	           0.302	          3.6316	          12.370	          37.223
195	           0.862	           0.302	          3.6295	          12.349	          37.211
196	           0.862	           0.302	          3.6288	          12.298	          37.151
197	           0.863	           0.302	          3.6301	          12.221	          37.546
198	           0.862	           0.302	          3.6301	          12.272	          37.240
199	           0.863	           0.303	          3.6313	          12.213	          37.372
200	           0.863	           0.302	          3.6253	          12.103	          37.474
201	           0.862	           0.301	          3.6260	          12.107	          37.363
202	           0.863	           0.302	          3.6241	          12.289	          37.490
203	           0.862	           0.302	          3.6275	          12.209	          37.541
204	           0.862	           0.302	          3.6206	          12.260	          37.529
205	           0.862	           0.302	          3.6251	          12.158	          37.414
206	           0.863	           0.303	          3.6249	          11.963	          37.156
207	           0.862	           0.302	          3.6247	          12.200	          37.338
208	           0.862	           0.302	          3.6225	          12.323	          37.673
209	           0.863	           0.302	          3.6254	          12.226	          37.643
210	           0.863	           0.302	          3.6203	          12.323	          37.660
211	           0.864	           0.302	          3.6197	          12.412	          37.406
212	           0.865	           0.303	          3.6204	          12.310	          37.571
213	           0.862	           0.301	          3.6193	          12.213	          37.783
214	           0.863	           0.302	          3.6204	          12.327	          37.719
215	           0.863	           0.303	          3.6198	          12.412	          37.512
216	           0.863	           0.303	          3.6182	          12.484	          37.550
217	           0.863	           0.302	          3.6207	          12.315	          37.507
218	           0.863	           0.302	          3.6173	          12.293	          37.550
219	           0.863	           0.302	          3.6150	          12.323	          37.707
220	           0.863	           0.302	          3.6127	          12.399	          37.914
221	           0.863	           0.302	          3.6150	          12.582	          37.897
222	           0.863	           0.303	          3.6144	          12.306	          37.609
223	           0.863	           0.302	          3.6167	          12.514	          37.791
224	           0.862	           0.302	          3.6127	          12.577	          37.808
225	           0.862	           0.302	          3.6146	          12.171	          37.736
226	           0.862	           0.302	          3.6144	          12.361	          37.825
227	           0.863	           0.302	          3.6110	          12.340	          37.851
228	           0.863	           0.302	          3.6109	          12.615	          37.829
229	           0.863	           0.302	          3.6096	          12.539	          37.893
230	           0.863	           0.302	          3.6103	          12.425	          37.774
231	           0.863	           0.302	          3.6102	          12.425	          37.851
232	           0.863	           0.302	          3.6058	          12.442	          38.105
233	           0.863	           0.303	          3.6153	          12.166	          37.541
234	           0.865	           0.304	          3.6069	          12.349	          38.050
235	           0.864	           0.302	          3.6073	          12.565	          38.037
236	           0.864	           0.303	          3.6091	          12.518	          38.143
237	           0.864	           0.302	          3.6064	          12.289	          38.156
238	           0.864	           0.303	          3.6029	          12.569	          38.101
239	           0.864	           0.303	          3.6081	          12.552	          37.774
240	           0.866	           0.303	          3.6108	          12.412	          37.707
241	           0.865	           0.303	          3.6035	          12.391	          37.944
242	           0.865	           0.302	          3.6063	          12.459	          38.016
243	           0.865	           0.303	          3.6042	          12.683	          38.152
244	           0.865	           0.303	          3.6058	          12.488	          38.041
245	           0.864	           0.302	          3.5996	          12.552	          38.279
246	           0.865	           0.302	          3.6032	          12.454	          38.041
247	           0.865	           0.303	          3.6069	          12.607	          37.918
248	           0.864	           0.303	          3.6049	          12.471	          38.071
249	           0.864	           0.303	          3.6040	          12.497	          38.101
250	           0.864	           0.302	          3.5999	          12.484	          38.054
