#Epoch   i		   Time		            Data		   Loss			   Prec@1		   Prec@5 
1	0	           1.322 	           0.657	          5.4340	           0.781 	           2.344
1	1	           0.860 	           0.306	          5.3487	           0.000 	           3.125
1	2	           0.881 	           0.327	          5.3882	           0.781 	           3.906
1	3	           0.876 	           0.323	          5.4148	           0.000 	           1.562
1	4	           0.878 	           0.324	          5.3625	           0.781 	           2.344
1	5	           0.879 	           0.321	          5.3525	           0.781 	           3.125
1	6	           0.884 	           0.327	          5.3567	           0.000 	           0.000
1	7	           0.878 	           0.323	          5.3650	           1.562 	           1.562
1	8	           0.875 	           0.322	          5.3852	           0.000 	           1.562
1	9	           0.881 	           0.323	          5.3411	           0.781 	           2.344
1	10	           0.886 	           0.325	          5.4007	           0.000 	           0.000
1	11	           0.882 	           0.324	          5.3954	           0.000 	           3.125
1	12	           0.875 	           0.322	          5.5082	           0.000 	           1.562
1	13	           0.882 	           0.323	          5.3259	           0.781 	           4.688
1	14	           0.883 	           0.323	          5.3752	           0.781 	           0.781
1	15	           0.887 	           0.324	          5.3195	           0.000 	           2.344
1	16	           0.884 	           0.321	          5.4213	           0.781 	           2.344
1	17	           0.877 	           0.321	          5.3423	           0.781 	           3.906
1	18	           0.880 	           0.323	          5.2980	           0.781 	           3.906
1	19	           0.887 	           0.327	          5.3427	           0.781 	           3.125
1	20	           0.885 	           0.322	          5.3195	           0.000 	           2.344
1	21	           0.888 	           0.322	          5.2966	           0.000 	           4.688
1	22	           0.881 	           0.325	          5.3536	           0.000 	           2.344
1	23	           0.889 	           0.325	          5.3766	           0.781 	           0.781
1	24	           0.882 	           0.322	          5.3774	           0.000 	           1.562
1	25	           0.890 	           0.325	          5.3684	           0.000 	           3.906
1	26	           0.890 	           0.324	          5.2600	           1.562 	           3.125
1	27	           0.892 	           0.322	          5.4010	           0.000 	           1.562
1	28	           0.891 	           0.323	          5.2717	           0.781 	           4.688
1	29	           0.885 	           0.321	          5.2846	           0.781 	           3.125
1	30	           0.894 	           0.326	          5.3921	           0.781 	           3.906
1	31	           0.887 	           0.322	          5.3327	           2.344 	           4.688
1	32	           0.892 	           0.326	          5.3271	           0.000 	           1.562
1	33	           0.892 	           0.323	          5.3086	           0.781 	           2.344
1	34	           0.899 	           0.327	          5.3329	           0.000 	           2.344
1	35	           0.896 	           0.323	          5.2366	           1.562 	           5.469
1	36	           0.893 	           0.321	          5.3225	           0.781 	           2.344
1	37	           0.894 	           0.321	          5.3449	           0.781 	           2.344
1	38	           0.896 	           0.326	          5.3611	           0.000 	           0.781
1	39	           0.896 	           0.326	          5.3305	           0.000 	           2.344
1	40	           0.898 	           0.324	          5.3029	           0.781 	           0.781
1	41	           0.893 	           0.325	          5.2830	           0.781 	           3.906
1	42	           0.897 	           0.325	          5.3467	           0.781 	           2.344
1	43	           0.895 	           0.329	          5.3898	           0.000 	           2.344
1	44	           0.902 	           0.326	          5.2702	           0.781 	           3.125
1	45	           0.900 	           0.326	          5.3608	           0.781 	           4.688
1	46	           0.897 	           0.325	          5.3391	           0.000 	           3.125
1	47	           0.910 	           0.330	          5.3159	           0.000 	           2.344
1	48	           0.897 	           0.322	          5.3606	           0.781 	           1.562
1	49	           0.901 	           0.328	          5.3558	           0.000 	           1.562
1	50	           0.906 	           0.324	          5.3261	           0.000 	           1.562
1	51	           0.902 	           0.325	          5.3313	           0.000 	           0.781
1	52	           0.909 	           0.326	          5.2316	           3.125 	           5.469
1	53	           0.899 	           0.321	          5.3533	           0.000 	           1.562
1	54	           0.902 	           0.325	          5.2839	           0.781 	           3.906
1	55	           0.904 	           0.325	          5.2260	           0.781 	           2.344
1	56	           0.904 	           0.324	          5.3316	           0.000 	           1.562
1	57	           0.909 	           0.324	          5.3219	           0.000 	           1.562
1	58	           0.901 	           0.322	          5.2881	           0.000 	           1.562
1	59	           0.900 	           0.322	          5.2841	           0.000 	           1.562
1	60	           0.908 	           0.326	          5.2858	           0.781 	           5.469
1	61	           0.901 	           0.326	          5.2910	           1.562 	           4.688
1	62	           0.912 	           0.327	          5.3288	           0.000 	           2.344
1	63	           0.911 	           0.325	          5.3658	           0.781 	           2.344
1	64	           0.901 	           0.324	          5.2929	           0.000 	           2.344
1	65	           0.915 	           0.326	          5.3153	           0.000 	           1.562
1	66	           0.902 	           0.321	          5.2697	           0.000 	           2.344
1	67	           0.905 	           0.322	          5.3034	           0.781 	           0.781
1	68	           0.914 	           0.325	          5.3223	           0.000 	           2.344
1	69	           0.905 	           0.323	          5.3399	           0.000 	           1.562
1	70	           0.910 	           0.324	          5.2978	           0.000 	           1.562
1	71	           0.920 	           0.328	          5.2983	           0.781 	           3.125
1	72	           0.912 	           0.321	          5.2934	           0.781 	           2.344
1	73	           0.912 	           0.325	          5.2578	           0.000 	           3.906
1	74	           0.916 	           0.325	          5.3085	           0.000 	           2.344
1	75	           0.911 	           0.327	          5.2947	           1.562 	           3.906
1	76	           0.921 	           0.325	          5.3106	           0.781 	           3.125
1	77	           0.911 	           0.328	          5.3674	           0.000 	           0.781
1	78	           0.912 	           0.322	          5.3067	           1.562 	           4.688
1	79	           0.920 	           0.328	          5.2738	           0.000 	           3.125
1	80	           0.919 	           0.323	          5.2835	           0.781 	           3.125
1	81	           0.918 	           0.328	          5.2565	           0.781 	           3.125
1	82	           0.921 	           0.323	          5.3032	           0.000 	           1.562
1	83	           0.921 	           0.325	          5.2432	           0.781 	           7.812
1	84	           0.919 	           0.332	          5.2757	           0.000 	           3.906
1	85	           0.929 	           0.331	          5.2769	           0.000 	           1.562
1	86	           0.925 	           0.323	          5.2812	           0.781 	           6.250
1	87	           0.920 	           0.327	          5.2774	           0.000 	           3.906
1	88	           0.917 	           0.330	          5.2570	           0.000 	           2.344
1	89	           0.928 	           0.332	          5.2829	           1.562 	           1.562
1	90	           0.918 	           0.324	          5.2695	           0.000 	           1.562
1	91	           0.927 	           0.329	          5.2558	           0.000 	           2.344
1	92	           0.928 	           0.326	          5.2485	           1.562 	           4.688
1	93	           0.916 	           0.326	          5.3310	           0.781 	           3.125
1	94	           0.920 	           0.326	          5.3064	           0.781 	           4.688
1	95	           0.930 	           0.329	          5.3150	           0.000 	           1.562
1	96	           0.930 	           0.326	          5.2911	           0.000 	           2.344
1	97	           0.922 	           0.324	          5.2470	           1.562 	           5.469
1	98	           0.930 	           0.326	          5.2310	           0.781 	           4.688
1	99	           0.924 	           0.322	          5.3088	           0.000 	           1.562
1	100	           0.923 	           0.322	          5.3023	           0.000 	           2.344
1	101	           0.928 	           0.322	          5.2936	           0.000 	           0.000
1	102	           0.936 	           0.325	          5.2378	           0.000 	           2.344
1	103	           0.925 	           0.322	          5.3537	           0.000 	           0.000
1	104	           0.931 	           0.325	          5.2111	           0.000 	           7.812
1	105	           0.927 	           0.324	          5.2557	           1.562 	           3.906
1	106	           0.932 	           0.324	          5.3026	           0.000 	           1.562
1	107	           0.927 	           0.323	          5.2210	           1.562 	           2.344
1	108	           0.936 	           0.327	          5.2740	           0.781 	           3.906
1	109	           0.945 	           0.327	          5.3127	           0.000 	           1.562
1	110	           0.927 	           0.320	          5.2875	           0.000 	           3.125
1	111	           0.928 	           0.323	          5.2399	           0.781 	           3.125
1	112	           0.936 	           0.324	          5.3128	           0.000 	           3.125
1	113	           0.934 	           0.323	          5.2744	           0.000 	           2.344
1	114	           0.935 	           0.323	          5.3432	           0.000 	           0.781
1	115	           0.945 	           0.330	          5.2449	           2.344 	           3.125
1	116	           0.942 	           0.326	          5.2592	           0.781 	           4.688
1	117	           0.939 	           0.322	          5.2553	           0.000 	           2.344
1	118	           0.947 	           0.323	          5.2937	           0.781 	           3.906
1	119	           0.935 	           0.327	          5.2856	           0.781 	           3.125
1	120	           0.947 	           0.326	          5.2643	           0.781 	           3.906
1	121	           0.940 	           0.323	          5.2205	           1.562 	           3.906
1	122	           0.946 	           0.322	          5.3060	           0.781 	           2.344
1	123	           0.949 	           0.326	          5.2702	           0.781 	           1.562
1	124	           0.935 	           0.323	          5.2881	           0.000 	           0.781
1	125	           0.952 	           0.325	          5.2646	           0.781 	           5.469
1	126	           0.942 	           0.322	          5.3104	           1.562 	           2.344
1	127	           0.943 	           0.321	          5.2922	           0.000 	           1.562
1	128	           0.955 	           0.325	          5.2409	           0.000 	           5.469
1	129	           0.945 	           0.321	          5.2008	           1.562 	           4.688
1	130	           0.946 	           0.323	          5.2605	           0.000 	           4.688
1	131	           0.946 	           0.321	          5.2383	           0.781 	           3.125
1	132	           0.945 	           0.323	          5.2549	           0.781 	           2.344
1	133	           0.945 	           0.322	          5.2350	           1.562 	           6.250
1	134	           0.951 	           0.322	          5.2683	           0.781 	           1.562
1	135	           0.946 	           0.325	          5.2534	           0.000 	           1.562
1	136	           0.947 	           0.326	          5.2664	           0.781 	           2.344
1	137	           0.958 	           0.330	          5.2400	           0.000 	           2.344
1	138	           0.949 	           0.322	          5.2630	           1.562 	           4.688
1	139	           0.952 	           0.323	          5.2905	           0.781 	           1.562
1	140	           0.956 	           0.325	          5.2389	           0.781 	           3.906
1	141	           0.953 	           0.321	          5.1759	           0.781 	           4.688
1	142	           0.941 	           0.321	          5.2072	           2.344 	           7.031
1	143	           0.966 	           0.326	          5.2654	           1.562 	           6.250
1	144	           0.955 	           0.326	          5.3384	           0.000 	           3.125
1	145	           0.953 	           0.325	          5.2653	           0.000 	           2.344
1	146	           0.957 	           0.321	          5.1953	           1.562 	           5.469
1	147	           0.962 	           0.322	          5.2829	           0.781 	           3.906
1	148	           0.943 	           0.322	          5.1962	           0.000 	           3.125
1	149	           0.955 	           0.323	          5.2224	           0.781 	           3.125
1	150	           0.958 	           0.320	          5.2259	           0.000 	           5.469
1	151	           0.954 	           0.321	          5.2531	           0.781 	           4.688
1	152	           0.956 	           0.321	          5.2340	           0.781 	           2.344
1	153	           0.964 	           0.327	          5.2192	           0.781 	           5.469
1	154	           0.962 	           0.322	          5.2519	           0.781 	           3.125
1	155	           0.954 	           0.324	          5.2324	           0.781 	           4.688
1	156	           0.961 	           0.323	          5.2600	           0.781 	           3.125
1	157	           0.957 	           0.321	          5.2029	           0.781 	           4.688
1	158	           0.965 	           0.322	          5.1944	           1.562 	           3.125
1	159	           0.954 	           0.322	          5.2571	           0.000 	           3.906
1	160	           0.971 	           0.325	          5.1791	           0.781 	           4.688
1	161	           0.958 	           0.321	          5.1949	           0.781 	           3.906
1	162	           0.969 	           0.326	          5.2543	           0.781 	           6.250
1	163	           0.964 	           0.329	          5.1530	           2.344 	           5.469
1	164	           0.967 	           0.322	          5.2680	           0.781 	           0.781
1	165	           0.962 	           0.322	          5.2177	           1.562 	           5.469
1	166	           0.962 	           0.321	          5.2365	           2.344 	           3.125
1	167	           0.953 	           0.325	          5.1727	           1.562 	           7.031
1	168	           0.967 	           0.326	          5.2720	           1.562 	           4.688
1	169	           0.968 	           0.322	          5.2342	           1.562 	           4.688
1	170	           0.963 	           0.322	          5.2522	           0.781 	           5.469
1	171	           0.967 	           0.328	          5.2571	           0.000 	           0.781
1	172	           0.961 	           0.324	          5.2642	           0.781 	           2.344
1	173	           0.973 	           0.327	          5.1984	           0.000 	           4.688
1	174	           0.964 	           0.322	          5.2423	           0.781 	           3.125
1	175	           0.966 	           0.329	          5.1806	           2.344 	           7.812
1	176	           0.972 	           0.323	          5.2225	           0.000 	           1.562
1	177	           0.970 	           0.320	          5.1848	           0.000 	           3.125
1	178	           0.964 	           0.321	          5.2147	           2.344 	           3.125
1	179	           0.963 	           0.322	          5.1319	           3.125 	           9.375
1	180	           0.966 	           0.321	          5.2448	           2.344 	           3.125
1	181	           0.975 	           0.321	          5.2448	           0.781 	           5.469
1	182	           0.976 	           0.320	          5.2288	           0.000 	           5.469
1	183	           0.975 	           0.321	          5.1993	           2.344 	           5.469
1	184	           0.530 	           0.312	          5.1665	           4.348 	           6.522
2	0	           1.213 	           0.629	          5.1881	           0.781 	           3.125
2	1	           0.892 	           0.326	          5.2381	           0.781 	           4.688
2	2	           0.893 	           0.326	          5.2330	           2.344 	           6.250
2	3	           0.893 	           0.328	          5.1886	           0.000 	           3.906
2	4	           0.893 	           0.325	          5.2220	           0.781 	           3.906
2	5	           0.894 	           0.326	          5.2075	           0.781 	           6.250
2	6	           0.892 	           0.326	          5.2235	           1.562 	           3.125
2	7	           0.892 	           0.330	          5.1481	           0.000 	           4.688
2	8	           0.896 	           0.332	          5.1795	           1.562 	           7.812
2	9	           0.897 	           0.327	          5.2122	           2.344 	           4.688
2	10	           0.897 	           0.326	          5.2120	           1.562 	           5.469
2	11	           0.896 	           0.326	          5.2411	           0.781 	           3.125
2	12	           0.899 	           0.332	          5.2360	           1.562 	           3.906
2	13	           0.898 	           0.329	          5.2176	           1.562 	           7.031
2	14	           0.895 	           0.327	          5.1571	           1.562 	           3.906
2	15	           0.898 	           0.327	          5.1799	           2.344 	          10.938
2	16	           0.901 	           0.331	          5.2198	           0.000 	           4.688
2	17	           0.900 	           0.325	          5.1802	           0.781 	           6.250
2	18	           0.895 	           0.325	          5.2384	           1.562 	           3.125
2	19	           0.895 	           0.324	          5.2336	           0.781 	           3.906
2	20	           0.905 	           0.329	          5.2128	           0.000 	           4.688
2	21	           0.897 	           0.325	          5.2340	           0.000 	           3.125
2	22	           0.894 	           0.323	          5.1923	           0.781 	           2.344
2	23	           0.901 	           0.326	          5.1579	           2.344 	           7.031
2	24	           0.897 	           0.329	          5.1896	           0.000 	           6.250
2	25	           0.900 	           0.328	          5.2156	           0.781 	           2.344
2	26	           0.901 	           0.325	          5.2312	           0.781 	           3.906
2	27	           0.892 	           0.324	          5.1778	           1.562 	           5.469
2	28	           0.907 	           0.331	          5.2399	           2.344 	           3.906
2	29	           0.897 	           0.327	          5.1805	           0.781 	           6.250
2	30	           0.903 	           0.327	          5.1676	           2.344 	           6.250
2	31	           0.901 	           0.327	          5.1529	           0.000 	           4.688
2	32	           0.899 	           0.326	          5.1467	           2.344 	           7.031
2	33	           0.905 	           0.328	          5.1873	           0.781 	           7.031
2	34	           0.899 	           0.326	          5.1681	           0.781 	           5.469
2	35	           0.900 	           0.325	          5.1647	           0.781 	           4.688
2	36	           0.901 	           0.325	          5.2421	           0.781 	           3.125
2	37	           0.904 	           0.328	          5.1649	           3.125 	           7.812
2	38	           0.911 	           0.328	          5.2040	           1.562 	           5.469
2	39	           0.902 	           0.326	          5.2475	           0.000 	           6.250
2	40	           0.906 	           0.327	          5.1835	           3.125 	           5.469
2	41	           0.909 	           0.327	          5.1596	           1.562 	           3.125
2	42	           0.896 	           0.325	          5.2639	           2.344 	           2.344
2	43	           0.909 	           0.326	          5.1599	           2.344 	           9.375
2	44	           0.898 	           0.324	          5.2048	           3.125 	           4.688
2	45	           0.902 	           0.327	          5.2344	           0.000 	           3.906
2	46	           0.912 	           0.329	          5.1551	           0.781 	           5.469
2	47	           0.899 	           0.327	          5.1907	           1.562 	           4.688
2	48	           0.912 	           0.326	          5.0651	           5.469 	          14.062
2	49	           0.915 	           0.325	          5.2150	           0.781 	           7.031
2	50	           0.908 	           0.324	          5.1239	           3.906 	           9.375
2	51	           0.912 	           0.327	          5.2546	           0.781 	           5.469
2	52	           0.915 	           0.325	          5.2099	           0.781 	           4.688
2	53	           0.910 	           0.324	          5.2218	           1.562 	           4.688
2	54	           0.911 	           0.325	          5.1854	           0.000 	           4.688
2	55	           0.916 	           0.326	          5.1723	           3.125 	           6.250
2	56	           0.910 	           0.326	          5.1861	           0.781 	           3.906
2	57	           0.915 	           0.326	          5.1594	           1.562 	           5.469
2	58	           0.903 	           0.323	          5.1884	           1.562 	           4.688
2	59	           0.908 	           0.331	          5.1640	           0.781 	           6.250
2	60	           0.914 	           0.327	          5.1762	           2.344 	          10.938
2	61	           0.914 	           0.330	          5.1426	           3.125 	           7.812
2	62	           0.919 	           0.327	          5.1477	           2.344 	           7.031
2	63	           0.926 	           0.332	          5.1832	           2.344 	           4.688
2	64	           0.911 	           0.324	          5.2662	           1.562 	           5.469
2	65	           0.912 	           0.323	          5.1867	           3.125 	           4.688
2	66	           0.924 	           0.326	          5.1834	           0.000 	           7.031
2	67	           0.910 	           0.326	          5.2070	           1.562 	           5.469
2	68	           0.922 	           0.327	          5.2227	           0.781 	           3.906
2	69	           0.919 	           0.324	          5.2136	           1.562 	           4.688
2	70	           0.918 	           0.324	          5.1972	           2.344 	           9.375
2	71	           0.917 	           0.325	          5.2332	           2.344 	           3.906
2	72	           0.925 	           0.326	          5.1727	           1.562 	           6.250
2	73	           0.910 	           0.324	          5.2093	           0.781 	           5.469
2	74	           0.913 	           0.328	          5.1855	           1.562 	          10.156
2	75	           0.920 	           0.326	          5.1555	           2.344 	           7.031
2	76	           0.917 	           0.327	          5.1726	           0.781 	           7.812
2	77	           0.925 	           0.327	          5.2493	           0.781 	           4.688
2	78	           0.925 	           0.327	          5.1934	           2.344 	           4.688
2	79	           0.915 	           0.323	          5.2368	           0.781 	           6.250
2	80	           0.914 	           0.327	          5.1779	           1.562 	           4.688
2	81	           0.924 	           0.328	          5.1917	           2.344 	           7.812
2	82	           0.919 	           0.325	          5.1306	           1.562 	           5.469
2	83	           0.925 	           0.326	          5.0860	           3.906 	          10.156
2	84	           0.927 	           0.325	          5.2043	           1.562 	           3.906
2	85	           0.925 	           0.325	          5.1466	           4.688 	           8.594
2	86	           0.923 	           0.326	          5.0366	           2.344 	          11.719
2	87	           0.926 	           0.326	          5.1773	           1.562 	           6.250
2	88	           0.936 	           0.327	          5.1779	           0.000 	           5.469
2	89	           0.916 	           0.322	          5.2204	           1.562 	           4.688
2	90	           0.922 	           0.327	          5.1917	           1.562 	           4.688
2	91	           0.926 	           0.326	          5.2016	           0.781 	           2.344
2	92	           0.921 	           0.324	          5.1513	           2.344 	           6.250
2	93	           0.924 	           0.325	          5.1965	           1.562 	           5.469
2	94	           0.932 	           0.326	          5.1633	           2.344 	           2.344
2	95	           0.917 	           0.323	          5.1856	           2.344 	          10.156
2	96	           0.924 	           0.323	          5.1945	           1.562 	           7.031
2	97	           0.929 	           0.326	          5.2094	           0.781 	           6.250
2	98	           0.932 	           0.324	          5.1947	           0.000 	           8.594
2	99	           0.924 	           0.327	          5.1996	           2.344 	           7.031
2	100	           0.933 	           0.326	          5.1017	           2.344 	           8.594
2	101	           0.940 	           0.323	          5.2362	           1.562 	           3.906
2	102	           0.927 	           0.323	          5.1666	           0.781 	           6.250
2	103	           0.930 	           0.326	          5.1883	           2.344 	           5.469
2	104	           0.931 	           0.326	          5.1979	           0.781 	           5.469
2	105	           0.934 	           0.322	          5.1233	           1.562 	           3.906
2	106	           0.924 	           0.321	          5.1407	           1.562 	           8.594
2	107	           0.930 	           0.323	          5.1376	           3.125 	           7.031
2	108	           0.936 	           0.324	          5.2392	           0.781 	           5.469
2	109	           0.939 	           0.325	          5.1985	           2.344 	           8.594
2	110	           0.932 	           0.324	          5.1619	           1.562 	           7.812
2	111	           0.936 	           0.325	          5.1304	           0.000 	           6.250
2	112	           0.939 	           0.324	          5.1994	           0.781 	           5.469
2	113	           0.937 	           0.323	          5.1502	           0.781 	           6.250
2	114	           0.930 	           0.323	          5.0769	           1.562 	           9.375
2	115	           0.941 	           0.323	          5.1344	           3.125 	          10.938
2	116	           0.931 	           0.320	          5.1913	           0.781 	           4.688
2	117	           0.935 	           0.322	          5.1473	           2.344 	           7.812
2	118	           0.944 	           0.325	          5.1447	           1.562 	           4.688
2	119	           0.940 	           0.324	          5.1646	           2.344 	           6.250
2	120	           0.945 	           0.322	          5.1375	           1.562 	           7.812
2	121	           0.944 	           0.323	          5.1740	           3.125 	           6.250
2	122	           0.934 	           0.321	          5.1840	           2.344 	           6.250
2	123	           0.950 	           0.327	          5.0865	           3.906 	           7.031
2	124	           0.940 	           0.322	          5.1842	           0.000 	           3.906
2	125	           0.942 	           0.323	          5.1571	           3.125 	           7.031
2	126	           0.949 	           0.322	          5.1730	           1.562 	           6.250
2	127	           0.936 	           0.325	          5.1958	           1.562 	           6.250
2	128	           0.950 	           0.326	          5.2051	           0.000 	           5.469
2	129	           0.943 	           0.321	          5.1493	           3.125 	           8.594
2	130	           0.942 	           0.322	          5.1255	           0.781 	           6.250
2	131	           0.950 	           0.328	          5.1308	           0.781 	           9.375
2	132	           0.945 	           0.321	          5.1461	           1.562 	           7.031
2	133	           0.948 	           0.323	          5.2168	           2.344 	           3.906
2	134	           0.942 	           0.321	          5.1495	           1.562 	           6.250
2	135	           0.949 	           0.327	          5.1762	           1.562 	           3.906
2	136	           0.943 	           0.321	          5.0959	           3.125 	          11.719
2	137	           0.951 	           0.321	          5.1608	           2.344 	          10.938
2	138	           0.946 	           0.321	          5.1607	           0.781 	           5.469
2	139	           0.948 	           0.327	          5.1295	           1.562 	           7.812
2	140	           0.961 	           0.325	          5.1949	           0.781 	           2.344
2	141	           0.944 	           0.321	          5.1163	           3.125 	           8.594
2	142	           0.957 	           0.326	          5.2024	           1.562 	           4.688
2	143	           0.962 	           0.327	          5.1783	           2.344 	           5.469
2	144	           0.953 	           0.320	          5.1132	           3.906 	          10.156
2	145	           0.950 	           0.322	          5.1615	           2.344 	           7.812
2	146	           0.961 	           0.323	          5.1405	           3.125 	           6.250
2	147	           0.953 	           0.322	          5.1175	           0.781 	          11.719
2	148	           0.958 	           0.328	          5.1945	           0.781 	           5.469
2	149	           0.957 	           0.323	          5.1411	           1.562 	           7.812
2	150	           0.955 	           0.321	          5.1974	           3.125 	           6.250
2	151	           0.950 	           0.322	          5.1735	           3.906 	           6.250
2	152	           0.954 	           0.322	          5.1625	           0.781 	           5.469
2	153	           0.966 	           0.327	          5.0870	           3.125 	           6.250
2	154	           0.953 	           0.322	          5.1623	           3.906 	           6.250
2	155	           0.954 	           0.322	          5.1250	           1.562 	           6.250
2	156	           0.956 	           0.323	          5.1618	           2.344 	           5.469
2	157	           0.961 	           0.323	          5.1242	           2.344 	           8.594
2	158	           0.962 	           0.322	          5.1566	           0.781 	           6.250
2	159	           0.956 	           0.323	          5.1473	           1.562 	           7.031
2	160	           0.963 	           0.321	          5.1227	           0.781 	           7.812
2	161	           0.960 	           0.322	          5.1728	           3.125 	           8.594
2	162	           0.959 	           0.322	          5.1489	           0.781 	           3.906
2	163	           0.959 	           0.323	          5.1986	           0.781 	           3.125
2	164	           0.966 	           0.323	          5.1364	           1.562 	           7.812
2	165	           0.968 	           0.321	          5.1656	           2.344 	           8.594
2	166	           0.959 	           0.323	          5.1593	           0.781 	           6.250
2	167	           0.967 	           0.323	          5.1542	           0.781 	           7.031
2	168	           0.966 	           0.322	          5.1711	           0.000 	           5.469
2	169	           0.966 	           0.322	          5.2022	           3.125 	           7.812
2	170	           0.954 	           0.325	          5.1336	           2.344 	           5.469
2	171	           0.966 	           0.326	          5.1825	           1.562 	           4.688
2	172	           0.970 	           0.321	          5.1491	           1.562 	           6.250
2	173	           0.961 	           0.321	          5.0689	           2.344 	           9.375
2	174	           0.963 	           0.326	          5.1654	           0.781 	           4.688
2	175	           0.960 	           0.322	          5.1551	           1.562 	           2.344
2	176	           0.973 	           0.324	          5.0673	           3.906 	           9.375
2	177	           0.968 	           0.322	          5.1802	           1.562 	           3.125
2	178	           0.972 	           0.322	          5.1095	           0.781 	           7.031
2	179	           0.962 	           0.323	          5.1465	           1.562 	           6.250
2	180	           0.970 	           0.322	          5.1889	           0.000 	           6.250
2	181	           0.967 	           0.320	          5.2354	           0.781 	           2.344
2	182	           0.967 	           0.319	          5.0899	           1.562 	           7.812
2	183	           0.962 	           0.321	          5.1251	           3.906 	           7.812
2	184	           0.532 	           0.312	          5.1921	           0.000 	           4.348
3	0	           1.222 	           0.662	          5.1431	           2.344 	           7.812
3	1	           0.896 	           0.330	          5.1179	           1.562 	           7.812
3	2	           0.893 	           0.327	          5.1595	           0.781 	           3.906
3	3	           0.891 	           0.326	          5.0759	           1.562 	           7.812
3	4	           0.888 	           0.331	          5.1537	           0.781 	           7.812
3	5	           0.896 	           0.329	          5.1129	           2.344 	           7.812
3	6	           0.895 	           0.327	          5.1450	           3.906 	          11.719
3	7	           0.895 	           0.329	          5.1560	           2.344 	           7.812
3	8	           0.893 	           0.331	          5.1636	           2.344 	           8.594
3	9	           0.899 	           0.328	          5.0977	           2.344 	           5.469
3	10	           0.896 	           0.327	          5.1635	           1.562 	           3.125
3	11	           0.894 	           0.324	          5.1122	           0.781 	           7.031
3	12	           0.904 	           0.331	          5.1801	           2.344 	           5.469
3	13	           0.898 	           0.327	          5.1405	           0.781 	          10.156
3	14	           0.901 	           0.328	          5.1231	           2.344 	           6.250
3	15	           0.891 	           0.326	          5.1035	           3.125 	           4.688
3	16	           0.894 	           0.327	          5.1062	           0.000 	           3.906
3	17	           0.896 	           0.328	          5.1265	           0.781 	           8.594
3	18	           0.894 	           0.325	          5.1529	           1.562 	           7.031
3	19	           0.894 	           0.324	          5.0872	           1.562 	          10.938
3	20	           0.901 	           0.331	          5.1480	           3.906 	           8.594
3	21	           0.899 	           0.331	          5.1462	           1.562 	           5.469
3	22	           0.901 	           0.328	          5.2037	           0.781 	           3.906
3	23	           0.893 	           0.322	          5.1911	           0.000 	           3.125
3	24	           0.897 	           0.328	          5.1103	           1.562 	           7.812
3	25	           0.896 	           0.323	          5.1255	           0.000 	           7.812
3	26	           0.901 	           0.326	          5.1246	           1.562 	           6.250
3	27	           0.900 	           0.325	          5.1116	           1.562 	           9.375
3	28	           0.897 	           0.323	          5.0738	           2.344 	           6.250
3	29	           0.901 	           0.325	          5.1291	           0.781 	           8.594
3	30	           0.901 	           0.324	          5.1017	           4.688 	          11.719
3	31	           0.905 	           0.327	          5.1685	           0.781 	           5.469
3	32	           0.901 	           0.325	          5.0688	           3.906 	          11.719
3	33	           0.902 	           0.323	          5.1221	           1.562 	           5.469
3	34	           0.904 	           0.325	          5.0926	           3.125 	           8.594
3	35	           0.902 	           0.325	          5.1410	           1.562 	           3.906
3	36	           0.902 	           0.323	          5.1235	           1.562 	           9.375
3	37	           0.906 	           0.327	          5.1229	           0.000 	           7.031
3	38	           0.901 	           0.323	          5.1412	           0.781 	           7.812
3	39	           0.908 	           0.326	          5.1865	           0.781 	           2.344
3	40	           0.904 	           0.324	          5.1591	           0.000 	           5.469
3	41	           0.905 	           0.323	          5.0823	           2.344 	           8.594
3	42	           0.907 	           0.325	          5.1679	           0.781 	           7.812
3	43	           0.904 	           0.324	          5.1055	           1.562 	           3.906
3	44	           0.908 	           0.326	          5.0944	           4.688 	          14.062
3	45	           0.908 	           0.326	          5.1076	           2.344 	           7.812
3	46	           0.909 	           0.323	          5.0780	           4.688 	           8.594
3	47	           0.904 	           0.323	          5.0866	           4.688 	          12.500
3	48	           0.909 	           0.324	          5.0921	           2.344 	           7.812
3	49	           0.908 	           0.325	          5.1375	           0.781 	           9.375
3	50	           0.913 	           0.327	          5.1111	           0.781 	           7.031
3	51	           0.905 	           0.322	          5.1322	           0.781 	           3.906
3	52	           0.908 	           0.328	          5.1213	           2.344 	           9.375
3	53	           0.917 	           0.326	          5.1266	           0.781 	           7.031
3	54	           0.905 	           0.324	          5.1159	           1.562 	           6.250
3	55	           0.906 	           0.323	          5.1012	           3.906 	          10.938
3	56	           0.917 	           0.325	          5.0175	           5.469 	          13.281
3	57	           0.909 	           0.322	          5.0933	           3.125 	           8.594
3	58	           0.915 	           0.326	          5.1199	           0.781 	           6.250
3	59	           0.914 	           0.324	          5.1043	           0.000 	           7.031
3	60	           0.914 	           0.323	          5.1209	           2.344 	           9.375
3	61	           0.911 	           0.325	          5.1524	           3.906 	           8.594
3	62	           0.916 	           0.325	          5.1039	           0.781 	           3.125
3	63	           0.905 	           0.325	          5.0962	           0.781 	           2.344
3	64	           0.922 	           0.327	          5.1076	           2.344 	           7.031
3	65	           0.910 	           0.323	          5.1387	           3.125 	           7.812
3	66	           0.911 	           0.324	          5.1445	           2.344 	           6.250
3	67	           0.916 	           0.324	          5.1125	           3.125 	          11.719
3	68	           0.917 	           0.325	          5.0900	           2.344 	          10.156
3	69	           0.917 	           0.326	          5.1128	           2.344 	           7.812
3	70	           0.926 	           0.327	          5.1387	           2.344 	           6.250
3	71	           0.916 	           0.321	          5.1075	           2.344 	           7.812
3	72	           0.907 	           0.324	          5.1239	           2.344 	          10.156
3	73	           0.922 	           0.326	          5.0722	           3.125 	           7.812
3	74	           0.921 	           0.324	          5.1037	           0.781 	           8.594
3	75	           0.921 	           0.326	          5.1405	           0.781 	           4.688
3	76	           0.911 	           0.322	          5.1205	           0.781 	           5.469
3	77	           0.924 	           0.325	          5.1010	           1.562 	           7.031
3	78	           0.912 	           0.325	          5.0961	           1.562 	           7.812
3	79	           0.926 	           0.326	          5.1209	           3.125 	           9.375
3	80	           0.922 	           0.322	          5.0670	           2.344 	           8.594
3	81	           0.924 	           0.325	          5.1128	           3.125 	           3.906
3	82	           0.916 	           0.321	          5.1094	           5.469 	           6.250
3	83	           0.925 	           0.325	          5.0378	           3.906 	          11.719
3	84	           0.915 	           0.326	          5.1028	           1.562 	           7.031
3	85	           0.929 	           0.324	          5.1658	           1.562 	           8.594
3	86	           0.929 	           0.324	          5.1111	           1.562 	           7.031
3	87	           0.926 	           0.323	          5.0946	           2.344 	           5.469
3	88	           0.918 	           0.325	          5.0898	           1.562 	           3.906
3	89	           0.930 	           0.326	          5.0925	           3.125 	          10.156
3	90	           0.926 	           0.322	          5.1261	           1.562 	           7.812
3	91	           0.926 	           0.327	          5.0513	           2.344 	           9.375
3	92	           0.920 	           0.324	          5.1649	           1.562 	           8.594
3	93	           0.928 	           0.325	          5.1304	           2.344 	           6.250
3	94	           0.920 	           0.325	          5.1423	           1.562 	           4.688
3	95	           0.929 	           0.326	          5.1145	           2.344 	           8.594
3	96	           0.933 	           0.324	          5.1155	           0.781 	           1.562
3	97	           0.919 	           0.321	          5.0935	           3.906 	           6.250
3	98	           0.921 	           0.327	          5.0906	           3.125 	           5.469
3	99	           0.932 	           0.325	          5.0695	           2.344 	           6.250
3	100	           0.932 	           0.324	          5.1113	           1.562 	           7.812
3	101	           0.930 	           0.326	          5.0739	           3.906 	           7.812
3	102	           0.937 	           0.326	          5.0743	           1.562 	          10.156
3	103	           0.933 	           0.323	          5.0334	           4.688 	          15.625
3	104	           0.926 	           0.322	          5.1604	           1.562 	           7.031
3	105	           0.933 	           0.323	          5.0751	           2.344 	           7.812
3	106	           0.931 	           0.322	          5.1144	           3.125 	           8.594
3	107	           0.941 	           0.325	          5.1333	           0.000 	           4.688
3	108	           0.935 	           0.321	          5.0697	           3.906 	           7.031
3	109	           0.928 	           0.322	          5.0649	           0.781 	           8.594
3	110	           0.939 	           0.325	          5.1041	           2.344 	           4.688
3	111	           0.937 	           0.325	          5.1280	           0.781 	           9.375
3	112	           0.935 	           0.324	          5.0509	           4.688 	          14.062
3	113	           0.936 	           0.323	          5.1018	           4.688 	           6.250
3	114	           0.943 	           0.326	          5.0350	           3.906 	           8.594
3	115	           0.934 	           0.321	          5.0527	           3.906 	          10.156
3	116	           0.931 	           0.323	          5.1088	           5.469 	           8.594
3	117	           0.940 	           0.322	          5.0747	           0.781 	           7.812
3	118	           0.940 	           0.321	          5.1110	           0.000 	           9.375
3	119	           0.936 	           0.324	          5.1011	           3.906 	          10.938
3	120	           0.948 	           0.324	          5.1475	           2.344 	           5.469
3	121	           0.938 	           0.321	          5.0655	           3.125 	          13.281
3	122	           0.947 	           0.322	          5.1199	           3.125 	           7.812
3	123	           0.941 	           0.321	          5.0237	           3.125 	          10.156
3	124	           0.938 	           0.323	          5.1051	           0.781 	           4.688
3	125	           0.954 	           0.325	          5.1169	           3.906 	          10.938
3	126	           0.947 	           0.322	          5.1056	           1.562 	           7.812
3	127	           0.943 	           0.322	          5.0814	           3.125 	          10.938
3	128	           0.942 	           0.321	          5.0873	           3.906 	           7.812
3	129	           0.940 	           0.322	          5.0755	           0.781 	           7.031
3	130	           0.947 	           0.323	          5.0323	           3.125 	          12.500
3	131	           0.947 	           0.321	          5.0846	           2.344 	          10.938
3	132	           0.943 	           0.322	          5.1009	           0.781 	           7.031
3	133	           0.946 	           0.323	          5.0634	           1.562 	           8.594
3	134	           0.946 	           0.322	          5.0502	           3.125 	          10.156
3	135	           0.948 	           0.323	          5.0467	           2.344 	          11.719
3	136	           0.951 	           0.322	          5.0881	           3.906 	          10.938
3	137	           0.956 	           0.323	          5.1138	           2.344 	           5.469
3	138	           0.937 	           0.323	          5.1180	           3.125 	          10.156
3	139	           0.958 	           0.325	          5.1139	           0.000 	           5.469
3	140	           0.954 	           0.322	          5.1299	           1.562 	           9.375
3	141	           0.945 	           0.322	          5.1325	           1.562 	           7.031
3	142	           0.951 	           0.321	          5.0398	           1.562 	           6.250
3	143	           0.955 	           0.323	          5.0409	           1.562 	          10.938
3	144	           0.946 	           0.324	          5.0978	           2.344 	           9.375
3	145	           0.955 	           0.323	          5.0625	           2.344 	          10.156
3	146	           0.952 	           0.322	          5.0792	           1.562 	           8.594
3	147	           0.948 	           0.321	          5.0818	           1.562 	          12.500
3	148	           0.954 	           0.323	          5.1254	           3.125 	           4.688
3	149	           0.958 	           0.322	          5.0859	           2.344 	           8.594
3	150	           0.960 	           0.323	          5.0546	           2.344 	           7.031
3	151	           0.955 	           0.322	          5.1200	           1.562 	           7.031
3	152	           0.957 	           0.322	          5.1401	           1.562 	           7.031
3	153	           0.964 	           0.322	          5.0247	           3.125 	          10.938
3	154	           0.948 	           0.323	          5.0687	           1.562 	           5.469
3	155	           0.964 	           0.325	          5.1117	           1.562 	           6.250
3	156	           0.962 	           0.319	          5.1318	           1.562 	           5.469
3	157	           0.958 	           0.321	          5.2168	           1.562 	           4.688
3	158	           0.958 	           0.323	          5.0918	           1.562 	          10.156
3	159	           0.961 	           0.323	          5.0894	           3.906 	           9.375
3	160	           0.965 	           0.324	          5.0991	           2.344 	           7.812
3	161	           0.963 	           0.323	          5.1335	           1.562 	           6.250
3	162	           0.960 	           0.325	          5.0692	           0.781 	           7.031
3	163	           0.967 	           0.322	          5.0706	           1.562 	          10.156
3	164	           0.961 	           0.321	          5.0445	           2.344 	          11.719
3	165	           0.957 	           0.321	          5.0986	           2.344 	           6.250
3	166	           0.964 	           0.323	          5.1142	           3.906 	           7.812
3	167	           0.971 	           0.321	          5.1401	           0.781 	           7.031
3	168	           0.962 	           0.322	          5.0755	           4.688 	          10.938
3	169	           0.967 	           0.323	          5.0874	           2.344 	          10.938
3	170	           0.964 	           0.325	          5.0945	           2.344 	           7.812
3	171	           0.968 	           0.320	          5.0849	           1.562 	           5.469
3	172	           0.966 	           0.323	          5.0466	           2.344 	          11.719
3	173	           0.970 	           0.322	          5.1808	           0.781 	           8.594
3	174	           0.951 	           0.325	          5.0635	           0.781 	           5.469
3	175	           0.968 	           0.325	          5.1309	           0.000 	           7.812
3	176	           0.970 	           0.319	          5.0148	           3.906 	          11.719
3	177	           0.965 	           0.321	          5.1073	           2.344 	           6.250
3	178	           0.966 	           0.323	          5.0715	           0.781 	           9.375
3	179	           0.969 	           0.320	          5.1022	           3.125 	           6.250
3	180	           0.968 	           0.321	          5.0754	           1.562 	           7.812
3	181	           0.973 	           0.322	          5.0611	           2.344 	           7.812
3	182	           0.965 	           0.322	          5.0853	           3.125 	          13.281
3	183	           0.967 	           0.323	          5.1365	           0.000 	           5.469
3	184	           0.532 	           0.311	          5.0811	           4.348 	          10.870
4	0	           1.222 	           0.659	          5.0395	           2.344 	           8.594
4	1	           0.890 	           0.326	          5.1041	           0.781 	           7.812
4	2	           0.895 	           0.329	          5.0602	           3.906 	           7.812
4	3	           0.891 	           0.327	          5.1373	           1.562 	           5.469
4	4	           0.897 	           0.332	          5.0381	           3.125 	           7.812
4	5	           0.893 	           0.328	          5.0997	           3.125 	          10.156
4	6	           0.900 	           0.328	          5.0246	           3.906 	          11.719
4	7	           0.895 	           0.327	          5.0746	           3.125 	           8.594
4	8	           0.894 	           0.327	          5.1057	           0.000 	           4.688
4	9	           0.897 	           0.326	          5.0314	           0.781 	          10.156
4	10	           0.898 	           0.330	          5.1145	           3.906 	           7.031
4	11	           0.895 	           0.328	          5.0805	           3.125 	          10.156
4	12	           0.897 	           0.329	          5.0405	           2.344 	          11.719
4	13	           0.889 	           0.324	          5.0791	           0.781 	           7.812
4	14	           0.896 	           0.328	          5.1132	           1.562 	           7.812
4	15	           0.900 	           0.332	          5.0737	           1.562 	           7.812
4	16	           0.902 	           0.331	          5.0545	           1.562 	          10.938
4	17	           0.895 	           0.327	          5.0768	           0.781 	           7.812
4	18	           0.900 	           0.331	          5.1143	           1.562 	           6.250
4	19	           0.899 	           0.328	          5.0668	           3.125 	          10.156
4	20	           0.901 	           0.331	          5.0895	           3.906 	          13.281
4	21	           0.894 	           0.326	          5.0419	           3.125 	          10.938
4	22	           0.896 	           0.325	          5.1559	           0.781 	           8.594
4	23	           0.901 	           0.325	          5.0828	           0.781 	           8.594
4	24	           0.898 	           0.325	          5.0126	           3.125 	          13.281
4	25	           0.895 	           0.323	          5.0566	           2.344 	          10.156
4	26	           0.899 	           0.326	          5.0646	           0.781 	           9.375
4	27	           0.896 	           0.324	          5.0703	           3.906 	          12.500
4	28	           0.904 	           0.326	          5.0373	           3.125 	          10.156
4	29	           0.908 	           0.329	          5.1177	           1.562 	           4.688
4	30	           0.903 	           0.326	          5.0949	           0.000 	           4.688
4	31	           0.905 	           0.326	          5.0149	           5.469 	          15.625
4	32	           0.900 	           0.326	          5.1379	           2.344 	           7.812
4	33	           0.909 	           0.330	          4.9927	           5.469 	          16.406
4	34	           0.904 	           0.326	          5.0634	           2.344 	          10.938
4	35	           0.904 	           0.324	          5.0729	           3.125 	           7.812
4	36	           0.906 	           0.326	          5.1067	           2.344 	           6.250
4	37	           0.908 	           0.329	          5.1043	           1.562 	           7.031
4	38	           0.901 	           0.323	          5.0461	           3.906 	          10.938
4	39	           0.906 	           0.325	          5.0847	           2.344 	           7.031
4	40	           0.903 	           0.323	          5.0736	           2.344 	           7.031
4	41	           0.911 	           0.328	          5.0627	           4.688 	          11.719
4	42	           0.913 	           0.328	          5.0383	           2.344 	          11.719
4	43	           0.905 	           0.324	          5.0248	           1.562 	          11.719
4	44	           0.904 	           0.325	          5.0684	           1.562 	           6.250
4	45	           0.910 	           0.328	          5.0882	           4.688 	          10.156
4	46	           0.906 	           0.327	          5.0546	           3.125 	           8.594
4	47	           0.914 	           0.327	          4.9966	           3.906 	           9.375
4	48	           0.904 	           0.323	          5.0842	           1.562 	           7.031
4	49	           0.906 	           0.327	          5.0381	           4.688 	          10.938
4	50	           0.912 	           0.330	          5.0365	           1.562 	           8.594
4	51	           0.905 	           0.326	          5.1308	           0.000 	           3.906
4	52	           0.911 	           0.326	          5.0536	           1.562 	           8.594
4	53	           0.915 	           0.326	          5.0611	           3.125 	           7.812
4	54	           0.914 	           0.328	          5.1122	           0.781 	           4.688
4	55	           0.913 	           0.326	          4.9934	           3.906 	          14.062
4	56	           0.917 	           0.324	          5.0716	           2.344 	           9.375
4	57	           0.914 	           0.324	          5.0251	           5.469 	          13.281
4	58	           0.910 	           0.328	          5.0475	           3.906 	          14.062
4	59	           0.913 	           0.325	          5.0742	           0.000 	           7.812
4	60	           0.908 	           0.325	          5.0655	           3.906 	           8.594
4	61	           0.920 	           0.326	          5.0597	           1.562 	          11.719
4	62	           0.906 	           0.321	          5.0718	           2.344 	           9.375
4	63	           0.912 	           0.324	          5.0540	           3.125 	          12.500
4	64	           0.916 	           0.326	          5.0943	           2.344 	          10.156
4	65	           0.918 	           0.328	          5.0778	           0.781 	          12.500
4	66	           0.913 	           0.326	          5.0968	           0.781 	           8.594
4	67	           0.926 	           0.328	          5.1118	           2.344 	           6.250
4	68	           0.911 	           0.324	          5.0226	           3.125 	          11.719
4	69	           0.913 	           0.325	          5.0116	           3.125 	          10.938
4	70	           0.918 	           0.326	          5.0350	           4.688 	          14.062
4	71	           0.922 	           0.325	          5.0832	           1.562 	           9.375
4	72	           0.927 	           0.330	          5.0568	           3.906 	          10.938
4	73	           0.922 	           0.325	          4.9980	           3.125 	          11.719
4	74	           0.919 	           0.325	          5.0780	           2.344 	           8.594
4	75	           0.912 	           0.327	          5.0691	           0.000 	           3.906
4	76	           0.923 	           0.326	          4.9948	           5.469 	          10.938
4	77	           0.922 	           0.322	          5.0505	           1.562 	          10.938
4	78	           0.917 	           0.323	          5.0785	           2.344 	           9.375
4	79	           0.918 	           0.325	          5.0329	           3.125 	          10.938
4	80	           0.923 	           0.325	          5.0952	           3.125 	          14.062
4	81	           0.915 	           0.325	          5.0956	           3.125 	           9.375
4	82	           0.929 	           0.327	          5.0955	           0.781 	           5.469
4	83	           0.926 	           0.324	          5.0144	           3.125 	          11.719
4	84	           0.920 	           0.323	          5.0237	           0.781 	           9.375
4	85	           0.919 	           0.324	          5.1106	           1.562 	           8.594
4	86	           0.926 	           0.325	          4.9861	           3.906 	          13.281
4	87	           0.919 	           0.326	          5.1282	           2.344 	           7.812
4	88	           0.925 	           0.326	          5.0843	           3.125 	           7.812
4	89	           0.935 	           0.327	          5.0222	           3.125 	          12.500
4	90	           0.929 	           0.323	          5.0260	           3.125 	          12.500
4	91	           0.918 	           0.326	          5.0154	           1.562 	          11.719
4	92	           0.928 	           0.326	          5.0932	           0.781 	           7.031
4	93	           0.934 	           0.323	          5.0448	           1.562 	           7.812
4	94	           0.923 	           0.322	          5.0287	           1.562 	           8.594
4	95	           0.922 	           0.325	          4.9883	           4.688 	          12.500
4	96	           0.929 	           0.327	          4.9615	           0.781 	          16.406
4	97	           0.935 	           0.328	          5.0293	           2.344 	          12.500
4	98	           0.924 	           0.321	          5.0684	           2.344 	           9.375
4	99	           0.934 	           0.325	          5.0478	           3.906 	           8.594
4	100	           0.938 	           0.326	          5.0826	           2.344 	           7.031
4	101	           0.930 	           0.328	          5.0657	           1.562 	           6.250
4	102	           0.927 	           0.326	          5.0391	           3.125 	          10.938
4	103	           0.928 	           0.325	          5.0602	           2.344 	           5.469
4	104	           0.935 	           0.327	          5.0690	           3.125 	          10.938
4	105	           0.937 	           0.328	          5.0101	           5.469 	          13.281
4	106	           0.933 	           0.322	          5.0671	           3.125 	           7.812
4	107	           0.937 	           0.322	          5.1373	           2.344 	           7.031
4	108	           0.940 	           0.327	          5.0574	           0.781 	           7.031
4	109	           0.938 	           0.329	          5.0814	           1.562 	           5.469
4	110	           0.935 	           0.324	          5.0542	           0.781 	           8.594
4	111	           0.940 	           0.324	          5.0017	           5.469 	           8.594
4	112	           0.941 	           0.326	          5.0691	           2.344 	           7.031
4	113	           0.932 	           0.326	          5.0572	           2.344 	           8.594
4	114	           0.943 	           0.326	          5.0832	           3.125 	           9.375
4	115	           0.932 	           0.321	          5.0390	           0.781 	           6.250
4	116	           0.941 	           0.327	          5.0573	           2.344 	           4.688
4	117	           0.951 	           0.327	          5.0737	           2.344 	          12.500
4	118	           0.938 	           0.322	          5.0742	           2.344 	          10.156
4	119	           0.945 	           0.322	          5.0837	           0.781 	           7.031
4	120	           0.938 	           0.321	          5.0758	           1.562 	          12.500
4	121	           0.934 	           0.326	          5.0509	           1.562 	           6.250
4	122	           0.940 	           0.324	          5.0185	           2.344 	           9.375
4	123	           0.934 	           0.322	          5.0859	           2.344 	           9.375
4	124	           0.941 	           0.322	          5.0609	           2.344 	          10.938
4	125	           0.950 	           0.330	          5.0437	           3.906 	          10.156
4	126	           0.942 	           0.323	          5.0598	           2.344 	           6.250
4	127	           0.952 	           0.323	          5.0062	           2.344 	          11.719
4	128	           0.944 	           0.322	          5.0709	           0.000 	           6.250
4	129	           0.947 	           0.326	          5.0512	           1.562 	          10.156
4	130	           0.949 	           0.325	          5.0465	           3.125 	          14.062
4	131	           0.946 	           0.324	          5.0154	           4.688 	          13.281
4	132	           0.949 	           0.326	          5.0445	           1.562 	           8.594
4	133	           0.945 	           0.321	          4.9937	           2.344 	          11.719
4	134	           0.953 	           0.323	          5.0762	           2.344 	           7.812
4	135	           0.939 	           0.325	          5.0306	           3.125 	          10.938
4	136	           0.955 	           0.326	          5.0070	           3.906 	           9.375
4	137	           0.948 	           0.321	          5.0201	           0.781 	           7.812
4	138	           0.949 	           0.323	          4.9971	           5.469 	          17.188
4	139	           0.953 	           0.324	          5.0629	           1.562 	           7.031
4	140	           0.952 	           0.323	          5.0139	           3.125 	           9.375
4	141	           0.949 	           0.324	          5.0213	           3.906 	          13.281
4	142	           0.957 	           0.322	          5.0980	           2.344 	           6.250
4	143	           0.956 	           0.322	          5.0808	           3.125 	          13.281
4	144	           0.951 	           0.321	          5.0669	           2.344 	          10.156
4	145	           0.959 	           0.325	          5.0407	           1.562 	           4.688
4	146	           0.958 	           0.323	          5.0175	           5.469 	          15.625
4	147	           0.958 	           0.323	          5.0747	           1.562 	           8.594
4	148	           0.962 	           0.324	          5.0084	           3.125 	           9.375
4	149	           0.954 	           0.322	          5.0199	           4.688 	          11.719
4	150	           0.963 	           0.323	          5.0369	           4.688 	          13.281
4	151	           0.945 	           0.322	          5.0112	           3.906 	          14.844
4	152	           0.962 	           0.326	          5.0519	           0.781 	          11.719
4	153	           0.958 	           0.322	          5.0426	           0.781 	           9.375
4	154	           0.954 	           0.321	          5.0447	           1.562 	          11.719
4	155	           0.958 	           0.322	          5.0217	           1.562 	           9.375
4	156	           0.968 	           0.324	          4.9750	           5.469 	          13.281
4	157	           0.963 	           0.322	          5.0609	           1.562 	           9.375
4	158	           0.958 	           0.326	          5.0540	           3.125 	           5.469
4	159	           0.963 	           0.323	          5.0259	           0.781 	           7.812
4	160	           0.955 	           0.319	          5.0863	           1.562 	           3.906
4	161	           0.965 	           0.324	          5.0036	           6.250 	          12.500
4	162	           0.955 	           0.323	          5.0639	           0.781 	           7.812
4	163	           0.972 	           0.325	          5.0320	           3.906 	          11.719
4	164	           0.964 	           0.322	          5.0667	           2.344 	          10.938
4	165	           0.970 	           0.321	          5.0542	           0.781 	           9.375
4	166	           0.960 	           0.323	          5.0860	           1.562 	          10.156
4	167	           0.970 	           0.322	          4.9743	           4.688 	          10.938
4	168	           0.964 	           0.323	          5.0727	           2.344 	           9.375
4	169	           0.969 	           0.323	          5.0643	           3.906 	          10.156
4	170	           0.957 	           0.322	          5.1203	           2.344 	           5.469
4	171	           0.970 	           0.326	          5.0517	           2.344 	          10.156
4	172	           0.970 	           0.321	          5.0436	           4.688 	           9.375
4	173	           0.964 	           0.321	          5.0532	           2.344 	           7.031
4	174	           0.963 	           0.323	          5.0723	           0.781 	           7.812
4	175	           0.966 	           0.323	          5.0797	           2.344 	           8.594
4	176	           0.972 	           0.325	          5.0509	           1.562 	           7.812
4	177	           0.974 	           0.324	          5.0222	           2.344 	           7.812
4	178	           0.968 	           0.321	          5.1011	           2.344 	           9.375
4	179	           0.964 	           0.323	          4.9996	           3.125 	          10.156
4	180	           0.970 	           0.322	          5.0759	           1.562 	           9.375
4	181	           0.973 	           0.320	          5.0760	           3.125 	          10.156
4	182	           0.974 	           0.324	          4.9792	           3.906 	          14.062
4	183	           0.976 	           0.323	          5.0418	           3.125 	          10.938
4	184	           0.532 	           0.311	          4.9691	           2.174 	           8.696
5	0	           1.206 	           0.631	          4.9922	           3.125 	          10.156
5	1	           0.890 	           0.326	          5.0953	           3.125 	           9.375
5	2	           0.892 	           0.328	          5.0784	           2.344 	          11.719
5	3	           0.896 	           0.331	          5.0629	           1.562 	          10.156
5	4	           0.894 	           0.329	          5.1057	           2.344 	          10.156
5	5	           0.889 	           0.325	          5.0781	           3.906 	          10.938
5	6	           0.893 	           0.326	          5.1042	           1.562 	          10.156
5	7	           0.892 	           0.327	          4.9900	           3.125 	          11.719
5	8	           0.897 	           0.327	          5.0221	           2.344 	          10.938
5	9	           0.894 	           0.326	          5.0752	           2.344 	           8.594
5	10	           0.887 	           0.324	          4.9838	           3.906 	          10.938
5	11	           0.896 	           0.329	          5.0543	           3.125 	           8.594
5	12	           0.900 	           0.332	          5.0076	           2.344 	          11.719
5	13	           0.896 	           0.330	          4.9897	           3.125 	          15.625
5	14	           0.897 	           0.328	          4.9944	           0.000 	          11.719
5	15	           0.898 	           0.330	          5.1158	           1.562 	           6.250
5	16	           0.904 	           0.328	          5.0782	           0.781 	           4.688
5	17	           0.897 	           0.328	          5.0141	           3.125 	          13.281
5	18	           0.903 	           0.332	          5.0208	           2.344 	          14.062
5	19	           0.895 	           0.325	          5.0759	           4.688 	           7.031
5	20	           0.897 	           0.325	          5.0343	           2.344 	          10.156
5	21	           0.897 	           0.326	          5.0057	           2.344 	          11.719
5	22	           0.897 	           0.323	          5.0035	           3.125 	          10.938
5	23	           0.900 	           0.326	          4.9986	           3.125 	          13.281
5	24	           0.898 	           0.326	          5.0558	           3.125 	          10.156
5	25	           0.900 	           0.326	          5.0183	           2.344 	          10.156
5	26	           0.905 	           0.327	          5.0268	           4.688 	           9.375
5	27	           0.902 	           0.326	          5.0149	           6.250 	          14.062
5	28	           0.904 	           0.326	          5.0007	           3.906 	          12.500
5	29	           0.901 	           0.325	          5.0295	           3.125 	          10.156
5	30	           0.905 	           0.326	          5.0022	           1.562 	          10.938
5	31	           0.907 	           0.326	          5.0161	           3.906 	          10.156
5	32	           0.901 	           0.324	          5.0455	           2.344 	           7.812
5	33	           0.905 	           0.326	          5.0355	           0.781 	           8.594
5	34	           0.903 	           0.325	          5.0368	           3.125 	           7.812
5	35	           0.908 	           0.326	          5.0202	           2.344 	          10.938
5	36	           0.904 	           0.325	          5.0633	           0.781 	           7.031
5	37	           0.907 	           0.324	          4.9839	           2.344 	          11.719
5	38	           0.907 	           0.326	          4.9975	           3.125 	          13.281
5	39	           0.906 	           0.325	          5.0810	           0.781 	           9.375
5	40	           0.906 	           0.324	          4.9872	           3.906 	          14.844
5	41	           0.905 	           0.326	          5.0304	           4.688 	          10.938
5	42	           0.906 	           0.325	          5.0673	           3.906 	          12.500
5	43	           0.908 	           0.326	          4.9884	           3.906 	          13.281
5	44	           0.914 	           0.327	          5.0058	           3.906 	          11.719
5	45	           0.904 	           0.324	          5.0050	           3.125 	           7.812
5	46	           0.904 	           0.326	          4.9657	           3.125 	          13.281
5	47	           0.909 	           0.326	          4.9946	           1.562 	          10.938
5	48	           0.904 	           0.326	          5.0402	           1.562 	           7.812
5	49	           0.917 	           0.327	          5.0039	           3.906 	          13.281
5	50	           0.899 	           0.323	          5.0230	           3.125 	          10.938
5	51	           0.905 	           0.328	          5.1392	           0.781 	           5.469
5	52	           0.914 	           0.328	          5.0347	           4.688 	          10.156
5	53	           0.909 	           0.327	          5.0276	           3.906 	           7.812
5	54	           0.913 	           0.327	          5.0677	           3.125 	           7.812
5	55	           0.910 	           0.323	          5.0028	           3.125 	          14.062
5	56	           0.913 	           0.325	          4.9301	           7.031 	          14.062
5	57	           0.915 	           0.326	          5.0083	           3.906 	          11.719
5	58	           0.913 	           0.323	          5.0122	           3.906 	          14.062
5	59	           0.912 	           0.323	          4.9999	           4.688 	          13.281
5	60	           0.910 	           0.324	          4.9780	           3.906 	          14.062
5	61	           0.914 	           0.325	          4.9785	           3.125 	          14.062
5	62	           0.907 	           0.326	          4.9823	           5.469 	          14.844
5	63	           0.921 	           0.327	          5.0237	           1.562 	          14.062
5	64	           0.908 	           0.324	          5.0149	           1.562 	          10.156
5	65	           0.911 	           0.324	          5.0427	           3.125 	          10.156
5	66	           0.920 	           0.327	          4.9902	           2.344 	          14.844
5	67	           0.916 	           0.324	          5.0226	           0.781 	           8.594
5	68	           0.915 	           0.326	          5.0469	           0.781 	           9.375
5	69	           0.922 	           0.326	          4.9944	           3.906 	           7.031
5	70	           0.914 	           0.327	          5.0661	           1.562 	           6.250
5	71	           0.908 	           0.324	          4.9991	           3.906 	          10.938
5	72	           0.917 	           0.326	          5.0123	           1.562 	          10.938
5	73	           0.915 	           0.326	          4.9847	           4.688 	          12.500
5	74	           0.922 	           0.326	          4.9661	           5.469 	          13.281
5	75	           0.927 	           0.325	          4.9630	           7.031 	          14.062
5	76	           0.925 	           0.323	          5.0139	           3.125 	          11.719
5	77	           0.912 	           0.325	          5.0385	           3.125 	          11.719
5	78	           0.930 	           0.327	          4.9645	           2.344 	          13.281
5	79	           0.925 	           0.323	          4.9981	           2.344 	          10.938
5	80	           0.926 	           0.327	          5.1259	           0.000 	           4.688
5	81	           0.915 	           0.322	          5.0143	           1.562 	           7.031
5	82	           0.924 	           0.325	          5.0178	           5.469 	          15.625
5	83	           0.917 	           0.326	          4.9847	           3.125 	          13.281
5	84	           0.927 	           0.327	          5.0098	           1.562 	           8.594
5	85	           0.932 	           0.324	          5.0050	           3.125 	          11.719
5	86	           0.922 	           0.325	          5.0220	           0.781 	          15.625
5	87	           0.917 	           0.326	          5.0464	           1.562 	           8.594
5	88	           0.926 	           0.327	          5.0636	           2.344 	           9.375
5	89	           0.919 	           0.325	          4.9741	           3.906 	          13.281
5	90	           0.929 	           0.326	          5.0034	           2.344 	          10.156
5	91	           0.931 	           0.323	          5.0237	           4.688 	           9.375
5	92	           0.931 	           0.325	          5.0328	           1.562 	          10.156
5	93	           0.923 	           0.325	          5.0235	           1.562 	          11.719
5	94	           0.932 	           0.326	          5.0514	           2.344 	          12.500
5	95	           0.932 	           0.326	          4.9923	           3.906 	          10.938
5	96	           0.921 	           0.323	          4.9775	           3.125 	          12.500
5	97	           0.927 	           0.324	          4.9944	           4.688 	          12.500
5	98	           0.931 	           0.326	          5.0831	           1.562 	           7.031
5	99	           0.932 	           0.324	          4.9258	           5.469 	          15.625
5	100	           0.922 	           0.322	          5.0179	           3.906 	          14.062
5	101	           0.935 	           0.326	          5.0421	           5.469 	           8.594
5	102	           0.937 	           0.323	          5.0630	           0.781 	           7.031
5	103	           0.935 	           0.322	          4.9854	           5.469 	          11.719
5	104	           0.929 	           0.324	          5.0169	           4.688 	          12.500
5	105	           0.938 	           0.325	          5.0332	           0.781 	           7.812
5	106	           0.934 	           0.323	          4.9816	           3.125 	          15.625
5	107	           0.931 	           0.324	          5.0289	           6.250 	          10.156
5	108	           0.931 	           0.322	          5.0115	           1.562 	          10.938
5	109	           0.942 	           0.327	          5.0111	           4.688 	          12.500
5	110	           0.935 	           0.322	          5.0593	           1.562 	          10.156
5	111	           0.929 	           0.323	          4.9807	           3.125 	          10.938
5	112	           0.944 	           0.327	          5.0564	           1.562 	          12.500
5	113	           0.944 	           0.326	          4.9817	           4.688 	          17.188
5	114	           0.944 	           0.323	          4.9827	           2.344 	           8.594
5	115	           0.944 	           0.323	          5.0168	           3.906 	           9.375
5	116	           0.935 	           0.324	          4.9525	           4.688 	          12.500
5	117	           0.948 	           0.325	          4.9861	           1.562 	          12.500
5	118	           0.938 	           0.323	          5.0657	           2.344 	           8.594
5	119	           0.941 	           0.323	          4.9931	           3.906 	           9.375
5	120	           0.947 	           0.327	          5.0147	           2.344 	          12.500
5	121	           0.944 	           0.324	          5.0220	           1.562 	           6.250
5	122	           0.949 	           0.323	          4.9772	           3.125 	          11.719
5	123	           0.945 	           0.324	          4.9872	           3.125 	          10.938
5	124	           0.935 	           0.323	          5.0188	           3.125 	          10.156
5	125	           0.945 	           0.322	          5.0076	           3.125 	          14.062
5	126	           0.943 	           0.321	          5.0247	           3.906 	          11.719
5	127	           0.948 	           0.324	          4.9655	           7.031 	          14.062
5	128	           0.947 	           0.324	          5.0090	           7.031 	          10.938
5	129	           0.939 	           0.323	          5.0256	           0.781 	           8.594
5	130	           0.953 	           0.329	          5.0399	           3.125 	           5.469
5	131	           0.945 	           0.320	          5.0322	           0.000 	           4.688
5	132	           0.947 	           0.324	          4.9079	           4.688 	          14.844
5	133	           0.948 	           0.324	          4.9922	           2.344 	           9.375
5	134	           0.948 	           0.322	          4.9518	           4.688 	          12.500
5	135	           0.949 	           0.323	          5.0371	           3.125 	           9.375
5	136	           0.949 	           0.322	          4.9672	           3.125 	          14.062
5	137	           0.954 	           0.327	          5.0464	           2.344 	           7.812
5	138	           0.940 	           0.322	          5.0095	           0.000 	           9.375
5	139	           0.953 	           0.324	          5.0309	           0.000 	           9.375
5	140	           0.948 	           0.322	          5.0091	           0.781 	          10.938
5	141	           0.951 	           0.323	          5.0152	           3.906 	           8.594
5	142	           0.950 	           0.323	          5.0474	           2.344 	           7.031
5	143	           0.956 	           0.324	          5.0904	           0.000 	           9.375
5	144	           0.949 	           0.321	          5.0099	           4.688 	          13.281
5	145	           0.957 	           0.326	          5.0083	           0.781 	          10.938
5	146	           0.947 	           0.320	          4.9727	           3.906 	           9.375
5	147	           0.957 	           0.322	          4.9780	           2.344 	          11.719
5	148	           0.956 	           0.327	          5.0098	           3.125 	          10.156
5	149	           0.961 	           0.326	          4.9635	           2.344 	           9.375
5	150	           0.959 	           0.323	          5.0221	           2.344 	           8.594
5	151	           0.953 	           0.322	          5.0566	           2.344 	           6.250
5	152	           0.963 	           0.323	          5.0113	           2.344 	           7.031
5	153	           0.959 	           0.322	          4.9830	           3.906 	          10.938
5	154	           0.961 	           0.323	          5.0042	           3.125 	           9.375
5	155	           0.950 	           0.326	          5.0425	           3.125 	           7.812
5	156	           0.969 	           0.326	          4.9773	           3.906 	          10.156
5	157	           0.957 	           0.321	          4.9606	           3.125 	          11.719
5	158	           0.956 	           0.323	          4.9966	           3.125 	          12.500
5	159	           0.961 	           0.322	          5.0150	           0.781 	          10.938
5	160	           0.967 	           0.322	          4.9570	           5.469 	          15.625
5	161	           0.965 	           0.322	          5.0138	           3.906 	           9.375
5	162	           0.959 	           0.324	          4.9756	           6.250 	          11.719
5	163	           0.964 	           0.323	          4.9837	           2.344 	          14.844
5	164	           0.964 	           0.321	          5.0022	           1.562 	           8.594
5	165	           0.970 	           0.322	          5.0032	           3.906 	           7.031
5	166	           0.964 	           0.323	          4.9991	           2.344 	          10.156
5	167	           0.969 	           0.323	          4.9881	           3.906 	          11.719
5	168	           0.975 	           0.323	          4.9336	           3.906 	          14.844
5	169	           0.966 	           0.321	          5.0130	           2.344 	          11.719
